i1-ls.bmp 74 63 276 256
i1_nli.bmp 82 337 223 588
i20_ls.bmp 268 16 454 231
i20_nls.bmp 260 87 457 282
i23_lm.bmp 313 98 522 236
i23_nls.bmp 312 108 519 267
i33_lm.bmp 257 69 524 233
i33_nls.bmp 272 84 248 185
i38_li.bmp 195 77 457 236
i38_nls.bmp 216 95 456 302
i3_lm.bmp 34 217 277 355
i3_nlm.bmp 24 194 264 340
i43_lm.bmp 186 81 422 246
i43_nls.bmp 172 35 393 220 
i45_lm.bmp 154 77 430 250
i45_nls.bmp 151 45 404 251
i46_lm.bmp 156 51 455 253
i46_nls.bmp 156 81 417 337
i5-lm.bmp 156 239 382 432
i5-nls.bmp 156 150 338 376
